9
19
42
274
426
484
503
704
810
1019
1189
1242
1281
1353
1530
1566
1669
1832
1985
2007
2074
2248
2318
2446
2565
2573
2664
2815
2827
2858
2859
3018
3177
3244
3283
3360
3412
3459
3469
3605
3704
3785
3864
3874
3971
4037
4096
4176
4190
4191
4197
4230
4293
4309
4364
4406
4494
4533
4547
4626
4648
4730
4798
4833
4873
4919
4961
4973
4973
4989
5053
5082
5095
5130
5211
5262
5309
5394
5426
5435
5507
5507
5585
5624
5630
5740
5751
6004
6145
6299
6381
6411
6413
6504
6511
6764
6876
6928
6994
7159
7358
7366
7787
7831
7857
8160
8204
8288
8344
8386
8423
8457
8542
8567
8651
8732
8746
8822
8881
9064
9300
9630
9678
9762
9874
9897
9907
9947
9951
9958
9997
10041
10076
10106
10184
10229
10427
10528
10563
10716
10807
10858
10887
10892
10916
10923
10930
10948
10979
10987
11101
11200
11285
11514
11520
11612
11876
11929
11999
12065
12114
12171
12181
12239
12273
12299
12321
12517
12627
12629
12668
12748
12860
12969
13002
13050
13150
13365
13368
13382
13471
13519
13582
13627
13669
13698
13723
13813
13839
14098
14123
14161
14187
14212
14314
14336
14340
14360
14363
14408
14415
14460
14518
14593
14650
14679
14701
14721
14753
15233
15255
15345
15384
15419
15519
15570
15655
15682
15698
15720
15722
15808
15818
15821
15907
15957
15989
16086
16093
16166
16391
16522
16633
16678
16754
16791
16931
16955
17070
17135
17206
17297
17494
17545
17615
17649
17657
17729
17752
17757
17833
17903
17948
17965
18048
18246
18331
18519
18613
18635
18644
18709
18886
18898
18925
19099
19118
19181
19185
19188
19317
19361
19393
19537
19545
19696
19710
19824
19899
19920
19957
19978
20050
20109
20214
20356
20426
20618
20632
20658
20787
20828
20955
21085
21117
21168
21207
21229
21230
21280
21302
21354
21400
21513
21515
21622
21669
21682
21694
21711
21789
21832
21882
22005
22026
22031
22055
22058
22320
22363
22372
22430
22632
22690
22757
22805
22824
22886
22986
23023
23066
23087
23141
23206
23231
23235
23311
23395
23429
23461
23519
23682
23793
23818
23833
23895
23898
23917
23943
24096
24140
24159
24297
24322
24406
24516
24536
24557
24672
24726
24778
24805
24859
24885
24947
24963
25014
25049
25081
25156
25288
25300
25321
25401
25444
25482
25488
25497
25578
25580
25659
25691
25704
25764
25817
25957
25990
26153
26185
26186
26280
26383
26415
26515
26522
26533
26625
26630
26651
26664
26682
26821
26958
26964
27134
27200
27226
27228
27350
27371
27407
27420
27458
27613
27657
27660
27676
27819
27940
27942
28008
28207
28404
28440
28473
28565
28684
28771
28774
28825
28829
28935
28969
29004
29101
29106
29126
29132
29152
29163
29256
29337
29413
29615
29753
29762
29793
30034
30157
30197
30267
30268
30408
30409
30500
30683
30696
30735
30790
30913
30915
31095
31099
31180
31272
31357
31409
31425
31480
31507
31628
31684
31706
31746
31946
32083
32096
32105
32109
32125
32334
32336
32393
32463
32467
32578
32630
32651
32660
32796
33065
33117
33149
33274
33439
33559
33570
33591
33621
33660
33689
33760
33818
33820
33833
33883
33894
33923
34075
34153
34234
34248
34312
34330
34399
34426
34456
34492
34595
34641
34691
34694
34741
34814
34850
34870
34912
34916
34918
34993
35149
35155
35200
35397
35428
35449
35484
35490
35494
35544
35651
35818
35859
35894
35938
35977
36129
36302
36390
36477
36511
36632
36687
36937
36985
37038
37045
37135
37215
37263
37311
37335
37450
37623
37881
37937
38013
38170
38355
38371
38524
38674
38858
38937
39041
39101
39123
39179
39224
39334
39425
39456
39469
39495
39522
39643
39670
39852
39926
39939
40103
40306
40544
40544
40588
40620
40639
40657
40724
40743
40764
40874
40881
40928
40972
40973
41072
41128
41135
41154
41172
41236
41237
41254
41274
41335
41459
41471
41472
41477
41502
41550
41653
41770
41784
41861
41934
42012
42083
42123
42124
42155
42189
42257
42317
42338
42362
42467
42482
42509
42650
42793
42842
42925
43046
43150
43247
43255
43380
43400
43573
43601
43631
43710
43752
43980
44032
44173
44194
44273
44551
44570
44624
44627
44643
44683
44683
44694
44766
44882
44922
44942
44965
45229
45316
45382
45409
45416
45475
45489
45506
45510
45529
45544
45565
45735
45777
45780
45789
45809
45867
46024
46025
46041
46085
46201
46289
46299
46330
46362
46417
46462
46509
46511
46529
46599
46606
46616
46655
46682
46727
46787
46869
46897
46910
46979
47058
47107
47247
47256
47276
47352
47404
47460
47466
47481
47575
47634
47683
47688
47718
47732
47791
47887
47915
47937
47996
48012
48013
48020
48098
48107
48136
48217
48275
48359
48421
48472
48617
48632
48696
48790
48856
48864
48892
48916
48973
49036
49124
49144
49279
49335
49388
49427
49458
49473
49488
49505
49605
49629
49634
49647
49694
49723
49826
49920
49929
49950
49997
50028
50424
50456
50460
50470
50577
50590
50652
50682
50725
50730
50859
50986
51019
51210
51275
51291
51348
51378
51410
51478
51485
51489
51496
51665
51675
51872
51974
52013
52069
52173
52212
52643
52691
52789
52923
53011
53217
53351
53351
53648
53667
53702
53710
53745
53755
53812
54015
54083
54115
54124
54151
54161
54188
54316
54334
54334
54338
54449
54482
54638
54846
54926
54989
55032
55099
55222
55418
55510
55568
55593
55616
55690
55735
55756
55892
55907
56025
56067
56069
56069
56110
56210
56245
56259
56476
56543
56573
56597
56743
56913
56943
57022
57072
57129
57191
57241
57342
57355
57469
57496
57565
57660
57692
57833
57935
57957
58015
58077
58100
58151
58169
58194
58423
58428
58522
58544
58549
58648
58658
58851
58887
58987
59103
59116
59163
59203
59234
59312
59353
59509
59587
59615
59634
59690
59712
59720
59793
59819
59830
59895
59975
60063
60106
60127
60268
60325
60519
60530
60557
60590
60652
60738
60761
60770
60803
60808
60895
60906
61064
61085
61225
61346
61352
61401
61445
61539
61872
61922
61943
62067
62149
62202
62314
62586
62626
62734
62880
62896
62926
63012
63121
63182
63188
63359
63407
63543
63597
63668
63675
63813
63831
63903
63915
64057
64067
64092
64108
64136
64208
64287
64345
64372
64440
64459
64463
64541
64554
64606
64874
64878
64995
65027
65068
65098
65119
65131
65232
65319
65481
65488
